               -256.5314950791
          0.000002502      -0.000004252       0.000000066
         -0.000004252      -0.000053714       0.000000549
          0.000000066       0.000000549       0.000000427
          28
  1     6       0.015783509       0.001733909      -0.000045383  C
  2     1      -0.002484245       0.005263643      -0.000007249  H
  1     6      -0.002068861       0.033519905       0.000062909  C
  1     6      -0.001539687       0.017128186       0.000033121  C
  1     6      -0.014088663       0.003323814       0.000075069  C
  2     1       0.000053975       0.007972481      -0.000056754  H
  1     6      -0.004389232      -0.022631065       0.000140852  C
  2     1       0.017805161       0.019138178       0.000005354  H
  1     6      -0.005271202      -0.014555026      -0.000033754  C
  1     6      -0.000601900      -0.011951472      -0.000699418  C
  1     6       0.011297472      -0.011617787      -0.000038194  C
  2     1      -0.024559536       0.017336762      -0.000146563  H
  3     8       0.023007248       0.010991771       0.000013309  O
  3     8      -0.017632619      -0.006746029      -0.000003586  O
  1     6       0.000815028      -0.013356196       0.001031994  C
  4     7       0.003296571      -0.024139606       0.005468300  N
  1     6      -0.002015008      -0.008280351      -0.000343757  C
  2     1      -0.002051746      -0.007950317      -0.000614259  H
  1     6      -0.006709124       0.024213484      -0.000614698  C
  2     1      -0.002980932      -0.012344376      -0.001324246  H
  1     6       0.006678701       0.023441859      -0.000424374  C
  2     1       0.002442863      -0.013401058       0.000626354  H
  1     6       0.002189446      -0.005792164       0.000210716  C
  2     1       0.002230615      -0.009652465       0.000254046  H
  2     1      -0.003906452      -0.007505585       0.003463033  H
  2     1      -0.001194226      -0.007670432      -0.007046434  H
  2     1       0.007426174       0.014607293       0.000001009  H
  2     1      -0.001264785      -0.001388039       0.000094720  H
